{
  "advancedEditorSelectedIdentifier" : "ProjectBrowser",
  "openSceneRelativePaths" : [
    "EarthScene.usda"
  ],
  "recentIdentifiers" : {
    "0AA2EB02-7462-41C9-8B2A-4EB9782E417A" : [

    ],
    "26DBAE76-5DD8-47B6-A085-1B4ADA111097" : [

    ]
  },
  "sceneCameraHistory" : {
    "0AA2EB02-7462-41C9-8B2A-4EB9782E417A" : [
      {
        "date" : 732535577.603144,
        "title" : "Untitled",
        "transform" : [
          -0.0039498853,
          -1.2807592e-09,
          -0.99999213,
          0,
          -0.027241513,
          0.99962884,
          0.000107600164,
          0,
          0.99962115,
          0.027241705,
          -0.003948418,
          0,
          3.2260098,
          0.91433585,
          0.12645629,
          1
        ]
      },
      {
        "date" : 732535574.592092,
        "title" : "Untitled",
        "transform" : [
          -0.0039498853,
          -1.2807592e-09,
          -0.99999213,
          0,
          -0.027241513,
          0.99962884,
          0.000107600164,
          0,
          0.99962115,
          0.027241705,
          -0.003948418,
          0,
          3.225898,
          0.91433585,
          0.09822097,
          1
        ]
      },
      {
        "date" : 732535404.35619,
        "title" : "Untitled",
        "transform" : [
          -0.0039498853,
          -1.2807592e-09,
          -0.99999213,
          0,
          -0.027241513,
          0.99962884,
          0.000107600164,
          0,
          0.99962115,
          0.027241705,
          -0.003948418,
          0,
          3.2257023,
          0.91433585,
          0.048653044,
          1
        ]
      },
      {
        "date" : 732531663.679865,
        "title" : "Untitled",
        "transform" : [
          -0.012105506,
          -1.3448659e-09,
          -0.9999267,
          0,
          -0.15432028,
          0.98801905,
          0.0018682607,
          0,
          0.98794675,
          0.15433161,
          -0.011960471,
          0,
          3.083287,
          1.3176847,
          0.024070827,
          1
        ]
      },
      {
        "date" : 732531662.377154,
        "title" : "Untitled",
        "transform" : [
          -0.012105506,
          -1.3448659e-09,
          -0.9999267,
          0,
          -0.15432028,
          0.98801905,
          0.0018682607,
          0,
          0.98794675,
          0.15433161,
          -0.011960471,
          0,
          3.0402265,
          1.310958,
          0.024592143,
          1
        ]
      },
      {
        "date" : 732531659.378983,
        "title" : "Untitled",
        "transform" : [
          -0.0026816288,
          -1.4221013e-09,
          -0.99999636,
          0,
          -0.048935536,
          0.9988019,
          0.00013122598,
          0,
          0.9987983,
          0.048935715,
          -0.0026784164,
          0,
          2.3133261,
          0.9404527,
          0.05519055,
          1
        ]
      },
      {
        "date" : 732527705.943148,
        "title" : "Untitled",
        "transform" : [
          -0.020669982,
          -1.400406e-09,
          -0.9997863,
          0,
          0.20562746,
          0.97862107,
          -0.0042512254,
          0,
          0.97841203,
          -0.2056714,
          -0.02022808,
          0,
          2.4766939,
          0.3238194,
          0.010202795,
          1
        ]
      },
      {
        "date" : 732521433.744754,
        "title" : "Untitled",
        "transform" : [
          -0.020669987,
          1.6087872e-08,
          -0.9997863,
          0,
          0.20562741,
          0.9786211,
          -0.004251206,
          0,
          0.97841203,
          -0.2056714,
          -0.02022808,
          0,
          2.4766939,
          0.3238194,
          0.010202795,
          1
        ]
      },
      {
        "date" : 732521430.19056,
        "title" : "Untitled",
        "transform" : [
          -0.019597057,
          1.6102122e-08,
          -0.99980795,
          0,
          0.1925788,
          0.98127425,
          -0.003774685,
          0,
          0.9810857,
          -0.1926158,
          -0.019230083,
          0,
          2.4852374,
          0.35696298,
          0.012701035,
          1
        ]
      },
      {
        "date" : 732521405.922023,
        "title" : "Untitled",
        "transform" : [
          -0.03168053,
          1.6099587e-08,
          -0.99949807,
          0,
          0.185075,
          0.9827069,
          -0.005866201,
          0,
          0.9822136,
          -0.18516794,
          -0.031132672,
          0,
          2.494887,
          0.37588388,
          -0.017710887,
          1
        ]
      }
    ],
    "7B9F9D6A-11E7-4026-9A0B-A2585B8564CC" : [
      {
        "date" : 732520489.235523,
        "title" : "Untitled",
        "transform" : [
          0.99999994,
          0,
          0,
          0,
          0,
          0.8660254,
          -0.49999994,
          0,
          0,
          0.49999994,
          0.8660254,
          0,
          -0.00011238051,
          0.73630863,
          1.4814919,
          1
        ]
      },
      {
        "date" : 732520486.073813,
        "title" : "Untitled",
        "transform" : [
          0.99999994,
          0,
          -0,
          0,
          -0,
          0.8660254,
          -0.49999994,
          0,
          0,
          0.49999994,
          0.8660254,
          0,
          -0.00029237973,
          0.13556102,
          0.2859466,
          1
        ]
      },
      {
        "date" : 732520483.969074,
        "title" : "Untitled",
        "transform" : [
          0.99999994,
          0,
          -0,
          0,
          -0,
          0.8660254,
          -0.49999994,
          0,
          0,
          0.49999994,
          0.8660254,
          0,
          -3.5073946e-05,
          0.2304062,
          0.40102825,
          1
        ]
      },
      {
        "date" : 732520459.515712,
        "title" : "Untitled",
        "transform" : [
          0.99999994,
          0,
          -0,
          0,
          -0,
          0.8660254,
          -0.49999994,
          0,
          0,
          0.49999994,
          0.8660254,
          0,
          0,
          0.22069907,
          0.38226205,
          1
        ]
      }
    ],
    "26DBAE76-5DD8-47B6-A085-1B4ADA111097" : [
      {
        "date" : 732464753.7787,
        "title" : "Untitled",
        "transform" : [
          0.99999994,
          0,
          -0,
          0,
          -0,
          0.8660254,
          -0.49999988,
          0,
          0,
          0.49999988,
          0.8660254,
          0,
          0.00020304322,
          0.6778052,
          1.3488967,
          1
        ]
      },
      {
        "date" : 732463501.306888,
        "title" : "Untitled",
        "transform" : [
          0.99999994,
          0,
          -0,
          0,
          -0,
          0.8660254,
          -0.49999988,
          0,
          0,
          0.49999988,
          0.8660254,
          0,
          0.5000406,
          1.6355609,
          -1.2302208,
          1
        ]
      },
      {
        "date" : 732463130.94778,
        "title" : "Untitled",
        "transform" : [
          0.99999994,
          0,
          -0,
          0,
          -0,
          0.8660254,
          -0.49999988,
          0,
          0,
          0.49999988,
          0.8660254,
          0,
          4.061963e-05,
          0.6355611,
          0.76977915,
          1
        ]
      },
      {
        "date" : 732463034.212088,
        "title" : "Untitled",
        "transform" : [
          0.99999994,
          0,
          -0,
          0,
          -0,
          0.8660254,
          -0.49999988,
          0,
          0,
          0.49999988,
          0.8660254,
          0,
          4.0649433e-05,
          2.1355608,
          0.7697791,
          1
        ]
      },
      {
        "date" : 732463006.766576,
        "title" : "Untitled",
        "transform" : [
          0.99999994,
          0,
          0,
          0,
          0,
          0.8660254,
          -0.49999988,
          0,
          0,
          0.49999988,
          0.8660254,
          0,
          -9.313217e-10,
          0.29884604,
          0.5350253,
          1
        ]
      },
      {
        "date" : 732462919.878836,
        "title" : "Untitled",
        "transform" : [
          0.99999994,
          0,
          -0,
          0,
          -0,
          0.8660254,
          -0.49999988,
          0,
          0,
          0.49999988,
          0.8660254,
          0,
          -9.313217e-10,
          0.06612731,
          0.1319445,
          1
        ]
      },
      {
        "date" : 732374685.108747,
        "title" : "Untitled",
        "transform" : [
          0.99999994,
          0,
          -0,
          0,
          -0,
          0.8660255,
          -0.49999988,
          0,
          0,
          0.49999988,
          0.8660255,
          0,
          0,
          0.24302429,
          0.42113045,
          1
        ]
      }
    ],
    "77015304-A763-4EA9-8F1B-A13BDA7617E0" : [
      {
        "date" : 732520546.236032,
        "title" : "Untitled",
        "transform" : [
          1,
          0,
          -0,
          0,
          -0,
          0.8660254,
          -0.5,
          0,
          0,
          0.5,
          0.8660254,
          0,
          0,
          0.2175138,
          0.376745,
          1
        ]
      }
    ],
    "E0F4413E-7969-4596-B053-2A8CB03F4692" : [
      {
        "date" : 732479939.66839,
        "title" : "Untitled",
        "transform" : [
          0.99999994,
          0,
          -0,
          0,
          -0,
          0.8660254,
          -0.49999994,
          0,
          0,
          0.49999994,
          0.8660254,
          0,
          0,
          0.22069907,
          0.38226205,
          1
        ]
      }
    ]
  },
  "selectedSceneRelativePath" : "EarthScene.usda"
}