{
  "advancedEditorSelectedIdentifier" : "ProjectBrowser",
  "openSceneRelativePaths" : [
    "EarthScene.usda"
  ],
  "recentIdentifiers" : {
    "26DBAE76-5DD8-47B6-A085-1B4ADA111097" : [

    ]
  },
  "sceneCameraHistory" : {
    "0AA2EB02-7462-41C9-8B2A-4EB9782E417A" : [
      {
        "date" : 732461491.427744,
        "title" : "Untitled",
        "transform" : [
          -0.038924437,
          3.3019475e-08,
          -0.99924207,
          0,
          -0.26377314,
          0.96452993,
          0.0102750445,
          0,
          0.96379906,
          0.26397324,
          -0.037543744,
          0,
          0.9474481,
          2.2155578,
          -0.036576394,
          1
        ]
      },
      {
        "date" : 732461486.568054,
        "title" : "Untitled",
        "transform" : [
          -0.0054033315,
          3.309396e-08,
          -0.99998534,
          0,
          -0.24669617,
          0.9690919,
          0.0013330347,
          0,
          0.9690778,
          0.2466998,
          -0.0052362806,
          0,
          0.30734527,
          2.0641222,
          -0.0015540869,
          1
        ]
      },
      {
        "date" : 732461475.032137,
        "title" : "Untitled",
        "transform" : [
          0.018126626,
          1.7804663e-08,
          -0.9998357,
          0,
          -0.39402026,
          0.9190739,
          -0.0071434183,
          0,
          0.9189229,
          0.394085,
          0.016659753,
          0,
          0.97907305,
          0.372505,
          0.019830385,
          1
        ]
      },
      {
        "date" : 732461470.847546,
        "title" : "Untitled",
        "transform" : [
          0.2146064,
          1.7640083e-08,
          -0.9767006,
          0,
          -0.18353167,
          0.9821862,
          -0.040326647,
          0,
          0.9593019,
          0.18790984,
          0.2107835,
          0,
          1.0117658,
          0.1539274,
          0.2244406,
          1
        ]
      },
      {
        "date" : 732461467.650706,
        "title" : "Untitled",
        "transform" : [
          0.2146064,
          1.7640083e-08,
          -0.9767006,
          0,
          -0.18353167,
          0.9821862,
          -0.040326647,
          0,
          0.9593019,
          0.18790984,
          0.2107835,
          0,
          0.32537395,
          0.04950154,
          0.07217789,
          1
        ]
      },
      {
        "date" : 732461463.098242,
        "title" : "Untitled",
        "transform" : [
          0.21460633,
          4.36875e-09,
          -0.9767006,
          0,
          -0.18353167,
          0.9821863,
          -0.04032664,
          0,
          0.95930207,
          0.18790992,
          0.21078339,
          0,
          0.93921894,
          1.8068802,
          -0.6305857,
          1
        ]
      },
      {
        "date" : 732458081.683512,
        "title" : "Untitled",
        "transform" : [
          0.99731195,
          2.269166e-09,
          -0.073271945,
          0,
          0.012877427,
          0.98443514,
          0.17527595,
          0,
          0.07213151,
          -0.17574833,
          0.98178905,
          0,
          0.49119782,
          1.6232328,
          -0.24122795,
          1
        ]
      },
      {
        "date" : 732458074.245522,
        "title" : "Untitled",
        "transform" : [
          0.9763716,
          2.2580027e-09,
          0.21609822,
          0,
          -0.019155307,
          0.9960636,
          0.086547226,
          0,
          -0.21524754,
          -0.08864166,
          0.9725283,
          0,
          0.3460714,
          1.6672217,
          -0.24590465,
          1
        ]
      },
      {
        "date" : 732458072.443452,
        "title" : "Untitled",
        "transform" : [
          0.95314574,
          2.7725777e-09,
          0.30251157,
          0,
          -0.050250087,
          0.9861073,
          0.1583267,
          0,
          -0.29830885,
          -0.16610962,
          0.939904,
          0,
          0.30412546,
          1.6281004,
          -0.26237997,
          1
        ]
      },
      {
        "date" : 732458070.688807,
        "title" : "Untitled",
        "transform" : [
          0.95314574,
          2.7725777e-09,
          0.30251157,
          0,
          -0.050250087,
          0.9861073,
          0.1583267,
          0,
          -0.29830885,
          -0.16610962,
          0.939904,
          0,
          0.9846438,
          1.6281004,
          -0.04639554,
          1
        ]
      }
    ],
    "26DBAE76-5DD8-47B6-A085-1B4ADA111097" : [
      {
        "date" : 732464753.7787,
        "title" : "Untitled",
        "transform" : [
          0.99999994,
          0,
          -0,
          0,
          -0,
          0.8660254,
          -0.49999988,
          0,
          0,
          0.49999988,
          0.8660254,
          0,
          0.00020304322,
          0.6778052,
          1.3488967,
          1
        ]
      },
      {
        "date" : 732463501.306888,
        "title" : "Untitled",
        "transform" : [
          0.99999994,
          0,
          -0,
          0,
          -0,
          0.8660254,
          -0.49999988,
          0,
          0,
          0.49999988,
          0.8660254,
          0,
          0.5000406,
          1.6355609,
          -1.2302208,
          1
        ]
      },
      {
        "date" : 732463130.94778,
        "title" : "Untitled",
        "transform" : [
          0.99999994,
          0,
          -0,
          0,
          -0,
          0.8660254,
          -0.49999988,
          0,
          0,
          0.49999988,
          0.8660254,
          0,
          4.061963e-05,
          0.6355611,
          0.76977915,
          1
        ]
      },
      {
        "date" : 732463034.212088,
        "title" : "Untitled",
        "transform" : [
          0.99999994,
          0,
          -0,
          0,
          -0,
          0.8660254,
          -0.49999988,
          0,
          0,
          0.49999988,
          0.8660254,
          0,
          4.0649433e-05,
          2.1355608,
          0.7697791,
          1
        ]
      },
      {
        "date" : 732463006.766576,
        "title" : "Untitled",
        "transform" : [
          0.99999994,
          0,
          0,
          0,
          0,
          0.8660254,
          -0.49999988,
          0,
          0,
          0.49999988,
          0.8660254,
          0,
          -9.313217e-10,
          0.29884604,
          0.5350253,
          1
        ]
      },
      {
        "date" : 732462919.878836,
        "title" : "Untitled",
        "transform" : [
          0.99999994,
          0,
          -0,
          0,
          -0,
          0.8660254,
          -0.49999988,
          0,
          0,
          0.49999988,
          0.8660254,
          0,
          -9.313217e-10,
          0.06612731,
          0.1319445,
          1
        ]
      },
      {
        "date" : 732374685.108747,
        "title" : "Untitled",
        "transform" : [
          0.99999994,
          0,
          -0,
          0,
          -0,
          0.8660255,
          -0.49999988,
          0,
          0,
          0.49999988,
          0.8660255,
          0,
          0,
          0.24302429,
          0.42113045,
          1
        ]
      }
    ],
    "E0F4413E-7969-4596-B053-2A8CB03F4692" : [
      {
        "date" : 732479939.66839,
        "title" : "Untitled",
        "transform" : [
          0.99999994,
          0,
          -0,
          0,
          -0,
          0.8660254,
          -0.49999994,
          0,
          0,
          0.49999994,
          0.8660254,
          0,
          0,
          0.22069907,
          0.38226205,
          1
        ]
      }
    ]
  },
  "selectedSceneRelativePath" : "EarthScene.usda"
}